# Made in Blockbench 4.12.4
mtllib endersoul.mtl

o Hand
v -0.1875 1.125 0.3125
v -0.1875 1.125 0.0625
v -0.1875 0.8125 0.3125
v -0.1875 0.8125 0.0625
v -0.375 1.125 0.0625
v -0.375 1.125 0.3125
v -0.375 0.8125 0.0625
v -0.375 0.8125 0.3125
vt 0.625 0.84375
vt 0.53125 0.84375
vt 0.53125 0.6875
vt 0.625 0.6875
vt 0.75 0.84375
vt 0.625 0.84375
vt 0.625 0.6875
vt 0.75 0.6875
vt 0.84375 0.84375
vt 0.75 0.84375
vt 0.75 0.6875
vt 0.84375 0.6875
vt 0.53125 0.84375
vt 0.40625 0.84375
vt 0.40625 0.6875
vt 0.53125 0.6875
vt 0.53125 0.84375
vt 0.625 0.84375
vt 0.625 0.96875
vt 0.53125 0.96875
vt 0.625 0.96875
vt 0.71875 0.96875
vt 0.71875 0.84375
vt 0.625 0.84375
vn 0 0 -1
vn 1 0 0
vn 0 0 1
vn -1 0 0
vn 0 1 0
vn 0 -1 0
usemtl m_c6af51a8-a684-ff16-4204-612dd0b67fd1
f 4/4/1 7/3/1 5/2/1 2/1/1
f 3/8/2 4/7/2 2/6/2 1/5/2
f 8/12/3 3/11/3 1/10/3 6/9/3
f 7/16/4 8/15/4 6/14/4 5/13/4
f 6/20/5 1/19/5 2/18/5 5/17/5
f 7/24/6 4/23/6 3/22/6 8/21/6
o Hand
v -0.2140433013915985 0.9281624391107253 0.11914434376148686
v -0.22771600825992538 0.9791896758203171 0.005855870381905659
v -0.15540087238914735 0.709305914594327 0.01348977832631204
v -0.16907357925747424 0.7603331513039189 -0.09979869505326922
v -0.3484567365460589 0.946837295182502 0.005855870381905659
v -0.334784029677732 0.8958100584729102 0.11914434376148686
v -0.2898143075436078 0.7279807706661038 -0.09979869505326922
v -0.27614160067528093 0.6769535339565119 0.01348977832631204
vt 0.4375 0.625
vt 0.375 0.625
vt 0.375 0.5
vt 0.4375 0.5
vt 0.5 0.625
vt 0.4375 0.625
vt 0.4375 0.5
vt 0.5 0.5
vt 0.5625 0.625
vt 0.5 0.625
vt 0.5 0.5
vt 0.5625 0.5
vt 0.375 0.625
vt 0.3125 0.625
vt 0.3125 0.5
vt 0.375 0.5
vt 0.375 0.625
vt 0.4375 0.625
vt 0.4375 0.6875
vt 0.375 0.6875
vt 0.4375 0.6875
vt 0.5 0.6875
vt 0.5 0.625
vt 0.4375 0.625
vn -0.10938165494661502 0.4082178936767349 -0.9063077870366502
vn 0.9659258262890684 0.2588190451025208 -1.387778780781446e-17
vn 0.10938165494661502 -0.4082178936767349 0.9063077870366502
vn -0.9659258262890684 -0.2588190451025208 1.387778780781446e-17
vn -0.23456971600980453 0.8754260980655932 0.4226182617406995
vn 0.23456971600980453 -0.8754260980655932 -0.4226182617406995
usemtl m_c6af51a8-a684-ff16-4204-612dd0b67fd1
f 12/28/7 15/27/7 13/26/7 10/25/7
f 11/32/8 12/31/8 10/30/8 9/29/8
f 16/36/9 11/35/9 9/34/9 14/33/9
f 15/40/10 16/39/10 14/38/10 13/37/10
f 14/44/11 9/43/11 10/42/11 13/41/11
f 15/48/12 12/47/12 11/46/12 16/45/12
o Hand
v -0.1612523365759687 0.7229156172376653 0.020326032328879418
v -0.17492497907157412 0.7739429088897907 -0.09296242407262822
v -0.04210816995724814 0.5282632520116164 -0.08172848385063813
v -0.0557808124528536 0.5792905436637417 -0.1950169402521458
v -0.28396270528305556 0.7143708543287369 -0.10663519182480055
v -0.27029006278745016 0.6633435626766115 0.006653264576707119
v -0.16481853866433505 0.519718489102688 -0.20868970800431813
v -0.1511458961687296 0.46869119745056265 -0.09540125160281043
vt 0.5 0.40625
vt 0.4375 0.40625
vt 0.4375 0.28125
vt 0.5 0.28125
vt 0.5625 0.40625
vt 0.5 0.40625
vt 0.5 0.28125
vt 0.5625 0.28125
vt 0.625 0.40625
vt 0.5625 0.40625
vt 0.5625 0.28125
vt 0.625 0.28125
vt 0.4375 0.40625
vt 0.375 0.40625
vt 0.375 0.28125
vt 0.4375 0.28125
vt 0.4375 0.40625
vt 0.5 0.40625
vt 0.5 0.46875
vt 0.4375 0.46875
vt 0.5 0.46875
vt 0.5625 0.46875
vt 0.5625 0.40625
vt 0.5 0.40625
vn -0.10938113996484371 0.4082183332170028 -0.9063076512120614
vn 0.8723018096918521 0.47657643648842934 0.10938214201737856
vn 0.10938113996484371 -0.4082183332170028 0.9063076512120614
vn -0.8723018096918521 -0.47657643648842934 -0.10938214201737856
vn -0.4765766664748823 0.7786094609041957 0.40821806471807026
vn 0.4765766664748823 -0.7786094609041957 -0.40821806471807026
usemtl m_c6af51a8-a684-ff16-4204-612dd0b67fd1
f 20/52/13 23/51/13 21/50/13 18/49/13
f 19/56/14 20/55/14 18/54/14 17/53/14
f 24/60/15 19/59/15 17/58/15 22/57/15
f 23/64/16 24/63/16 22/62/16 21/61/16
f 22/68/17 17/67/17 18/66/17 21/65/17
f 23/72/18 20/71/18 19/70/18 24/69/18
o Hand
v -0.21875358392437283 0.8804887559561967 0.18726215579640326
v -0.22064538841204012 0.8912177123533757 0.06273781853493501
v -0.16469502332278235 0.5739074240216946 0.16002598618776004
v -0.16658682781044964 0.5846363804188736 0.035501648926291846
v -0.34374635753856614 0.8695116901450094 0.06273781853493501
v -0.34185455305089885 0.8587827337478304 0.18726215579640326
v -0.28968779693697566 0.5629303582105072 0.035501648926291846
v -0.28779599244930837 0.5522014018133282 0.16002598618776004
vt 0.84375 0.5
vt 0.78125 0.5
vt 0.78125 0.34375
vt 0.84375 0.34375
vt 0.90625 0.5
vt 0.84375 0.5
vt 0.84375 0.34375
vt 0.90625 0.34375
vt 0.96875 0.5
vt 0.90625 0.5
vt 0.90625 0.34375
vt 0.96875 0.34375
vt 0.78125 0.5
vt 0.71875 0.5
vt 0.71875 0.34375
vt 0.78125 0.34375
vt 0.78125 0.5
vt 0.84375 0.5
vt 0.84375 0.5625
vt 0.78125 0.5625
vt 0.84375 0.5625
vt 0.90625 0.5625
vt 0.90625 0.5
vt 0.84375 0.5
vn -0.015134435901338623 0.0858316511774313 -0.9961946980917457
vn 0.984807753012208 0.17364817766693036 1.734723475976807e-18
vn 0.015134435901338623 -0.0858316511774313 0.9961946980917457
vn -0.984807753012208 -0.17364817766693036 -1.734723475976807e-18
vn -0.17298739392508944 0.9810602621904069 0.08715574274765818
vn 0.17298739392508944 -0.9810602621904069 -0.08715574274765818
usemtl m_c6af51a8-a684-ff16-4204-612dd0b67fd1
f 28/76/19 31/75/19 29/74/19 26/73/19
f 27/80/20 28/79/20 26/78/20 25/77/20
f 32/84/21 27/83/21 25/82/21 30/81/21
f 31/88/22 32/87/22 30/86/22 29/85/22
f 30/92/23 25/91/23 26/90/23 29/89/23
f 31/96/24 28/95/24 27/94/24 32/93/24
o Hand
v -0.17503135550429383 0.5988034670888817 0.16232789131621891
v -0.17692314190243907 0.6095324539615674 0.037803556405690164
v 0.004023986191203255 0.3438797231627529 0.13764349557732425
v 0.002132199793057954 0.3546087100354387 0.013119160666795485
v -0.2793520962165059 0.5380334301506411 0.03319932876021321
v -0.2774603098183607 0.5273044432779552 0.15772366367074198
v -0.100296754521009 0.28310968622451227 0.008514933021318533
v -0.0984049681228637 0.27238069935182646 0.1330392679318473
vt 0.53125 0.21875
vt 0.46875 0.21875
vt 0.46875 0.0625
vt 0.53125 0.0625
vt 0.59375 0.21875
vt 0.53125 0.21875
vt 0.53125 0.0625
vt 0.59375 0.0625
vt 0.65625 0.21875
vt 0.59375 0.21875
vt 0.59375 0.0625
vt 0.65625 0.0625
vt 0.46875 0.21875
vt 0.40625 0.21875
vt 0.40625 0.0625
vt 0.46875 0.0625
vt 0.46875 0.21875
vt 0.53125 0.21875
vt 0.53125 0.28125
vt 0.46875 0.28125
vt 0.53125 0.28125
vt 0.59375 0.28125
vt 0.59375 0.21875
vt 0.53125 0.21875
vn -0.015134291185162112 0.08583189498148654 -0.9961946792842301
vn 0.8194316345125352 0.5719921904874113 0.03683382116381551
vn 0.015134291185162112 -0.08583189498148654 0.9961946792842301
vn -0.8194316345125352 -0.5719921904874113 -0.03683382116381551
vn -0.5729770934255904 0.815755980563612 0.07899006636446296
vn 0.5729770934255904 -0.815755980563612 -0.07899006636446296
usemtl m_c6af51a8-a684-ff16-4204-612dd0b67fd1
f 36/100/25 39/99/25 37/98/25 34/97/25
f 35/104/26 36/103/26 34/102/26 33/101/26
f 40/108/27 35/107/27 33/106/27 38/105/27
f 39/112/28 40/111/28 38/110/28 37/109/28
f 38/116/29 33/115/29 34/114/29 37/113/29
f 39/120/30 36/119/30 35/118/30 40/117/30
o Hand
v -0.22064517687504215 0.8912177065449123 0.31226206824946956
v -0.2187533723873748 0.8804887501477334 0.1877377309880014
v -0.16658661627345167 0.5846363746104102 0.3394982378581128
v -0.16469481178578432 0.5739074182132313 0.21497390059664462
v -0.3418543415139008 0.8587827279393672 0.1877377309880014
v -0.34374614600156816 0.869511684336546 0.31226206824946956
v -0.28779578091231034 0.552201396004865 0.21497390059664462
v -0.2896875853999777 0.5629303524020438 0.3394982378581128
vt 0.15625 0.65625
vt 0.09375 0.65625
vt 0.09375 0.5
vt 0.15625 0.5
vt 0.21875 0.65625
vt 0.15625 0.65625
vt 0.15625 0.5
vt 0.21875 0.5
vt 0.28125 0.65625
vt 0.21875 0.65625
vt 0.21875 0.5
vt 0.28125 0.5
vt 0.09375 0.65625
vt 0.03125 0.65625
vt 0.03125 0.5
vt 0.09375 0.5
vt 0.09375 0.65625
vt 0.15625 0.65625
vt 0.15625 0.71875
vt 0.09375 0.71875
vt 0.15625 0.71875
vt 0.21875 0.71875
vt 0.21875 0.65625
vt 0.15625 0.65625
vn 0.015134435901338623 -0.0858316511774313 -0.9961946980917457
vn 0.984807753012208 0.17364817766693036 -1.734723475976807e-18
vn -0.015134435901338623 0.0858316511774313 0.9961946980917457
vn -0.984807753012208 -0.17364817766693036 1.734723475976807e-18
vn -0.17298739392508944 0.9810602621904069 -0.08715574274765818
vn 0.17298739392508944 -0.9810602621904069 0.08715574274765818
usemtl m_c6af51a8-a684-ff16-4204-612dd0b67fd1
f 44/124/31 47/123/31 45/122/31 42/121/31
f 43/128/32 44/127/32 42/126/32 41/125/32
f 48/132/33 43/131/33 41/130/33 46/129/33
f 47/136/34 48/135/34 46/134/34 45/133/34
f 46/140/35 41/139/35 42/138/35 45/137/35
f 47/144/36 44/143/36 43/142/36 48/141/36
o Hand
v -0.17692287609687485 0.6095325395796249 0.3371963233258961
v -0.1750310896987296 0.5988035527069392 0.21267198841536736
v 0.002132465598622124 0.3546087956534963 0.3618807190647908
v 0.004024251996767425 0.3438798087808105 0.23735638415426202
v -0.27746004401279645 0.5273045288960128 0.2172762160608443
v -0.2793518304109417 0.5380335157686986 0.3418005509713731
v -0.09840470231729942 0.27238078496988405 0.24196061179973896
v -0.10029648871544472 0.28310977184256986 0.36648494671026777
vt 0.65625 0.8125
vt 0.59375 0.8125
vt 0.59375 0.65625
vt 0.65625 0.65625
vt 0.71875 0.8125
vt 0.65625 0.8125
vt 0.65625 0.65625
vt 0.71875 0.65625
vt 0.78125 0.8125
vt 0.71875 0.8125
vt 0.71875 0.65625
vt 0.78125 0.65625
vt 0.59375 0.8125
vt 0.53125 0.8125
vt 0.53125 0.65625
vt 0.59375 0.65625
vt 0.59375 0.8125
vt 0.65625 0.8125
vt 0.65625 0.875
vt 0.59375 0.875
vt 0.65625 0.875
vt 0.71875 0.875
vt 0.71875 0.8125
vt 0.65625 0.8125
vn 0.015134291185162112 -0.08583189498148654 -0.9961946792842301
vn 0.8194316345125352 0.5719921904874113 -0.03683382116381551
vn -0.015134291185162112 0.08583189498148654 0.9961946792842301
vn -0.8194316345125352 -0.5719921904874113 0.03683382116381551
vn -0.5729770934255904 0.815755980563612 -0.07899006636446296
vn 0.5729770934255904 -0.815755980563612 0.07899006636446296
usemtl m_c6af51a8-a684-ff16-4204-612dd0b67fd1
f 52/148/37 55/147/37 53/146/37 50/145/37
f 51/152/38 52/151/38 50/150/38 49/149/38
f 56/156/39 51/155/39 49/154/39 54/153/39
f 55/160/40 56/159/40 54/158/40 53/157/40
f 54/164/41 49/163/41 50/162/41 53/161/41
f 55/168/42 52/167/42 51/166/42 56/165/42
o Hand
v -0.2238525484208524 1.034407416780192 0.37024264232664283
v -0.2155460133391619 0.987298715387384 0.25475770076273196
v -0.1737181742944897 0.750081252259439 0.48983121494073334
v -0.16541163921279922 0.7029725508666311 0.37434627337682247
v -0.338646982465688 0.9655926931790177 0.25475770076273196
v -0.3469535175473784 1.0127013945718257 0.37024264232664283
v -0.28851260833932524 0.6812665286582649 0.37434627337682247
v -0.29681914342101573 0.7283752300510727 0.48983121494073334
vt 0.25 0.6875
vt 0.1875 0.6875
vt 0.1875 0.53125
vt 0.25 0.53125
vt 0.3125 0.6875
vt 0.25 0.6875
vt 0.25 0.53125
vt 0.3125 0.53125
vt 0.375 0.6875
vt 0.3125 0.6875
vt 0.3125 0.53125
vt 0.375 0.53125
vt 0.1875 0.6875
vt 0.125 0.6875
vt 0.125 0.53125
vt 0.1875 0.53125
vt 0.1875 0.6875
vt 0.25 0.6875
vt 0.25 0.75
vt 0.1875 0.75
vt 0.25 0.75
vt 0.3125 0.75
vt 0.3125 0.6875
vt 0.25 0.6875
vn 0.06645228065352383 -0.3768696111424633 -0.9238795325112867
vn 0.9848077530122081 0.17364817766693036 0
vn -0.06645228065352383 0.3768696111424633 0.9238795325112867
vn -0.9848077530122081 -0.17364817766693036 0
vn -0.16042999720436052 0.9098437264664097 -0.3826834323650898
vn 0.16042999720436052 -0.9098437264664097 0.3826834323650898
usemtl m_c6af51a8-a684-ff16-4204-612dd0b67fd1
f 60/172/43 63/171/43 61/170/43 58/169/43
f 59/176/44 60/175/44 58/174/44 57/173/44
f 64/180/45 59/179/45 57/178/45 62/177/45
f 63/184/46 64/183/46 62/182/46 61/181/46
f 62/188/47 57/187/47 58/186/47 61/185/47
f 63/192/48 60/191/48 59/190/48 64/189/48
o Hand
v -0.17134180414555 0.7791402473248618 0.49180459620739697
v -0.16412288854613366 0.7339417347351047 0.3754861466078512
v -0.01163270320085752 0.5322659725184073 0.5976457295829672
v -0.004413787601441177 0.48706745992865025 0.48132727998342145
v -0.27132255155697793 0.6720499804387565 0.3928827842278593
v -0.2785414671563943 0.7172484930285136 0.5092012338274051
v -0.11161345061228545 0.4251757056323021 0.49872391760342966
v -0.1188323662117019 0.47037421822205916 0.6150423672029754
vt 0.15625 0.625
vt 0.09375 0.625
vt 0.09375 0.46875
vt 0.15625 0.46875
vt 0.21875 0.625
vt 0.15625 0.625
vt 0.15625 0.46875
vt 0.21875 0.46875
vt 0.28125 0.625
vt 0.21875 0.625
vt 0.21875 0.46875
vt 0.28125 0.46875
vt 0.09375 0.625
vt 0.03125 0.625
vt 0.03125 0.46875
vt 0.09375 0.46875
vt 0.09375 0.625
vt 0.15625 0.625
vt 0.15625 0.6875
vt 0.09375 0.6875
vt 0.15625 0.6875
vt 0.21875 0.6875
vt 0.21875 0.625
vt 0.15625 0.625
vn 0.05775132479533074 -0.36158810071805664 -0.9305475967963663
vn 0.8575973040867547 0.49513403437078507 -0.1391731009600654
vn -0.05775132479533074 0.36158810071805664 0.9305475967963663
vn -0.8575973040867547 -0.49513403437078507 0.1391731009600654
vn -0.511069123023016 0.7899976793806542 -0.338691626801825
vn 0.511069123023016 -0.7899976793806542 0.338691626801825
usemtl m_c6af51a8-a684-ff16-4204-612dd0b67fd1
f 68/196/49 71/195/49 69/194/49 66/193/49
f 67/200/50 68/199/50 66/198/50 65/197/50
f 72/204/51 67/203/51 65/202/51 70/201/51
f 71/208/52 72/207/52 70/206/52 69/205/52
f 70/212/53 65/211/53 66/210/53 69/209/53
f 71/216/54 68/215/54 67/214/54 72/213/54